<?xml version="1.0"?>
<opencv_storage>
<cameraMatrix type_id="opencv-matrix">
  <rows>3</rows>
  <cols>3</cols>
  <dt>d</dt>
  <data>
    1.1444393086789801e+03 0. 9.1605937324175795e+02 0.
    1.1424883309976474e+03 5.2204970408082136e+02 0. 0. 1.</data></cameraMatrix>
<distCoeffs type_id="opencv-matrix">
  <rows>1</rows>
  <cols>5</cols>
  <dt>d</dt>
  <data>
    -2.9611559154421103e-02 -3.3507405096527815e-04
    7.8914871567435929e-03 -3.9387309197063357e-04
    4.5913143563334771e-02</data></distCoeffs>
<Formular_A>-1.3051671468331907e-01</Formular_A>
<Formular_B>-6.3959525011364002e+00</Formular_B>
<Formular_C>1.</Formular_C>
<Formular_D>3.0491858062622839e+02</Formular_D>
<Rw type_id="opencv-matrix">
  <rows>3</rows>
  <cols>1</cols>
  <dt>d</dt>
  <data>
    1.7756427475118428e-01 -2.8961428483055379e-01
    -6.6765710272583351e-02</data></Rw>
<Tw type_id="opencv-matrix">
  <rows>3</rows>
  <cols>1</cols>
  <dt>d</dt>
  <data>
    -1.7902413643854845e+02 -8.5479424055533059e+01
    4.5266447923452870e+02</data></Tw>
</opencv_storage>
